106年08月30日 個股日本益比、殖利率及股價淨值比,,,,,,
證券代號,證券名稱,殖利率(%),股利年度,本益比,股價淨值比,財報年/季
1101,台泥            ,4.17,105,18.01,1.21,106/2
1102,亞泥            ,3.35,105,20.53,0.75,106/2
1103,嘉泥            ,1.67,105,42.86,0.46,106/2
1104,環泥            ,6.58,105,9.5,0.91,106/2
1108,幸福            ,6.76,105,24,0.79,106/2
1109,信大            ,0.88,105,16.06,0.79,106/2
1110,東泥            ,0.66,105,-,1.01,106/2
1201,味全            ,0,105,-,2.15,106/2
1203,味王            ,4.14,105,13.13,1.33,106/2
1210,大成            ,4.83,105,11.09,1.46,106/2
1213,大飲            ,0,105,313,1.28,106/2
1215,卜蜂            ,4.58,105,12.15,2.91,106/2
1216,統一            ,3.27,105,25.02,4.08,106/2
1217,愛之味          ,0,105,29.33,0.75,106/2
1218,泰山            ,0,105,-,1.75,106/2
1219,福壽            ,2.25,105,55.63,1.5,106/2
1220,台榮            ,6.34,105,16.53,0.84,106/2
1225,福懋油          ,2.02,105,38.63,4.37,106/2
1227,佳格            ,2.62,105,31.4,4.97,106/2
1229,聯華            ,7.58,105,10.99,1.11,106/2
1231,聯華食          ,6.46,105,12.66,1.81,106/2
1232,大統益          ,5.56,105,17.54,4.32,106/2
1233,天仁            ,4.5,105,19.86,2.4,106/2
1234,黑松            ,6.37,105,25.12,0.73,106/2
1235,興泰            ,0,105,10.36,0.59,106/2
1236,宏亞            ,1.73,105,44.36,1.08,106/2
1256,鮮活果汁-KY     ,3.09,105,14.58,4.03,106/2
1262,綠悅-KY         ,1.41,105,7.19,1.11,106/2
1301,台塑            ,4.89,105,13.91,1.96,106/2
1303,南亞            ,5.91,105,10.98,1.89,106/2
1304,台聚            ,4.67,105,15.63,0.88,106/2
1305,華夏            ,5.75,105,11.12,2.32,106/2
1307,三芳            ,6.18,105,11.87,1.73,106/2
1308,亞聚            ,4.86,105,13.41,0.98,106/2
1309,台達化          ,0,105,39.81,1.01,106/2
1310,台苯            ,10.65,105,8.29,1.61,106/2
1312,國喬            ,3.91,105,9.48,1.3,106/2
1313,聯成            ,5.72,105,12.91,0.9,106/2
1314,中石化          ,0,105,8.35,0.58,106/2
1315,達新            ,4.36,105,18.04,0.67,106/2
1316,上曜            ,0,105,-,2.31,106/2
1319,東陽            ,3.79,105,13.93,1.76,106/2
1321,大洋            ,0,105,-,1.41,106/2
1323,永裕            ,5.35,105,11.85,1.83,106/2
1324,地球            ,3.2,105,10.68,0.92,106/2
1325,恆大            ,4.07,105,28.07,1.01,106/2
1326,台化            ,5.9,105,12.6,1.79,106/2
1337,再生-KY         ,0.52,105,12.86,0.37,106/2
1338,廣華-KY         ,3.54,105,13.29,1.57,106/2
1339,昭輝            ,4.21,105,11.89,1.19,106/2
1340,勝悅-KY         ,4.45,105,7.33,0.95,106/2
1402,遠東新          ,3.29,105,19.76,0.69,106/2
1409,新纖            ,2.74,105,20.27,0.56,106/2
1410,南染            ,6.08,105,17.04,1.49,106/2
1413,宏洲            ,0,105,-,1.24,106/2
1414,東和            ,3.17,105,210,0.46,106/2
1416,廣豐            ,14.6,105,21.63,0.95,106/2
1417,嘉裕            ,0,105,-,0.49,106/2
1418,東華            ,0,105,-,4.06,106/2
1419,新紡            ,1.11,105,106.67,1.61,106/2
1423,利華            ,0,105,52.5,0.49,106/2
1432,大魯閣          ,0,105,-,1.29,106/2
1434,福懋            ,4.87,105,9.42,0.81,106/2
1435,中福            ,0,105,264.5,0.71,106/2
1436,華友聯          ,2.66,105,24.93,1.24,106/2
1437,勤益控          ,2.82,105,12.21,0.67,106/2
1438,裕豐            ,0,105,-,0.94,106/2
1439,中和            ,2.35,105,71,1.02,106/2
1440,南紡            ,2.35,105,30.91,0.91,106/2
1441,大東            ,0,105,-,1.07,106/2
1442,名軒            ,9.05,105,7.14,1.09,106/2
1443,立益            ,0,105,-,0.8,106/2
1444,力麗            ,0,105,-,1.03,106/2
1445,大宇            ,3.58,105,59.79,0.62,106/2
1446,宏和            ,1.36,105,130,1.79,106/2
1447,力鵬            ,0,105,-,0.74,106/2
1449,佳和            ,0,105,-,1.08,106/2
1451,年興            ,6.79,105,24.02,0.96,106/2
1452,宏益            ,5.05,105,13.42,1.33,106/2
1453,大將            ,0,105,-,0.71,106/2
1454,台富            ,3.58,105,36.48,0.69,106/2
1455,集盛            ,3.28,105,36.64,0.76,106/2
1456,怡華            ,0,105,13.78,0.89,106/2
1457,宜進            ,4.65,105,153.57,0.74,106/2
1459,聯發            ,0,105,-,0.77,106/2
1460,宏遠            ,5.35,105,16.08,1.38,106/2
1463,強盛            ,12.99,105,4.33,1.8,106/2
1464,得力            ,8.36,105,20.25,2.09,106/2
1465,偉全            ,5.18,105,19.02,0.76,106/2
1466,聚隆            ,0,105,-,0.75,106/2
1467,南緯            ,0,105,-,0.98,106/2
1468,昶和            ,0,105,-,1.56,106/2
1469,理隆            ,0,105,-,1,106/2
1470,大統染          ,2.98,105,40.11,1.71,106/2
1471,首利            ,0,105,-,0.7,106/2
1472,三洋紡          ,0,105,-,3.49,106/2
1473,台南            ,4.83,105,46.89,0.96,106/2
1474,弘裕            ,5.36,105,13.66,0.8,106/2
1475,本盟            ,0,105,-,8.07,106/2
1476,儒鴻            ,2.89,105,30.52,7.6,106/2
1477,聚陽            ,4.71,105,26.54,3.91,106/2
1503,士電            ,2.82,105,17.56,1.04,106/2
1504,東元            ,3.1,105,16.61,1.11,106/2
1506,正道            ,0,105,81.54,2.08,106/2
1507,永大            ,4.44,105,15.59,1.99,106/2
1512,瑞利            ,0,105,-,2.7,106/2
1513,中興電          ,4.99,105,19.85,1.17,106/2
1514,亞力            ,4.93,105,53.42,0.77,106/2
1515,力山            ,1.4,105,53.13,2.9,106/2
1516,川飛            ,5.07,105,27.55,1.24,106/2
1517,利奇            ,1.76,105,-,0.81,106/2
1519,華城            ,3.37,105,29.32,1.98,106/2
1521,大億            ,6.42,105,12.62,3.61,106/2
1522,堤維西          ,6.08,105,10.68,1.68,106/2
1524,耿鼎            ,4.26,105,12.63,1.02,106/2
1525,江申            ,2.12,105,14.66,2.24,106/2
1526,日馳            ,2.78,105,19.2,2.18,106/2
1527,鑽全            ,4.53,105,29.58,4.34,106/2
1528,恩德            ,4.2,105,29.02,0.95,106/2
1529,樂士            ,0,105,-,3.42,106/2
1530,亞崴            ,2.22,105,27.48,1.17,106/2
1531,高林股          ,2.67,105,32.14,1.11,106/2
1532,勤美            ,5.33,105,12.13,1.07,106/2
1533,車王電          ,0.51,105,49.87,1.78,106/2
1535,中宇            ,4.52,105,30.38,1.67,106/2
1536,和大            ,2.58,105,29.91,5.79,106/2
1537,廣隆            ,5.84,105,13.38,3.91,106/2
1538,正峰新          ,0,105,-,1.07,106/2
1539,巨庭            ,5.22,105,13.37,1.44,106/2
1540,喬福            ,6.67,105,50,0.97,106/2
1541,錩泰            ,6.55,105,19.09,3.79,106/2
1558,伸興            ,7.34,105,11.67,1.91,106/2
1560,中砂            ,3.77,105,17.12,3.03,106/2
1568,倉佑            ,2.97,105,21.4,2.8,106/2
1582,信錦            ,7.84,105,10.93,2.09,106/2
1583,程泰            ,1.59,105,28.51,1.82,106/2
1589,永冠-KY         ,3.94,105,15.03,1.06,106/2
1590,亞德客-KY       ,1.28,105,30.2,6.83,106/2
1592,英瑞-KY         ,6.33,105,10.25,1.16,106/2
1598,岱宇            ,5.5,105,59.61,1.89,106/2
1603,華電            ,1.98,105,14.91,0.82,106/2
1604,聲寶            ,9.36,105,15.74,1.07,106/2
1605,華新            ,4.73,105,11.94,0.78,106/2
1608,華榮            ,0,105,13.25,0.58,106/2
1609,大亞            ,0,105,16.46,0.69,106/2
1611,中電            ,0,105,-,0.78,106/2
1612,宏泰            ,2.52,105,16.57,0.77,106/2
1614,三洋電          ,4.39,105,30.25,1.24,106/2
1615,大山            ,4.98,105,13.44,1.11,106/2
1616,億泰            ,0,105,607,0.68,106/2
1617,榮星            ,3.33,105,15,1.11,106/2
1618,合機            ,3.3,105,30.33,0.55,106/2
1626,艾美特-KY       ,3.7,105,18.92,1.25,106/2
1701,中化            ,3.32,105,20.99,0.99,106/2
1702,南僑            ,4.5,105,14.57,3.06,106/2
1704,榮化            ,7.39,105,9.1,1.37,106/2
1707,葡萄王          ,3.53,105,18.83,5.53,106/2
1708,東鹼            ,3.22,105,9.63,1.12,106/2
1709,和益            ,8.21,105,11.22,1.23,106/2
1710,東聯            ,0.76,105,97.41,1.68,106/2
1711,永光            ,2.76,105,30.17,1.31,106/2
1712,興農            ,5.88,105,10.6,1.02,106/2
1713,國化            ,3.71,105,24.08,1.06,106/2
1714,和桐            ,3.96,105,29.43,0.78,106/2
1715,萬洲            ,1.87,105,-,0.76,106/2
1717,長興            ,6.45,105,17.32,1.79,106/2
1718,中纖            ,0,105,880,0.5,106/2
1720,生達            ,4.63,105,16.7,1.62,106/2
1721,三晃            ,5.3,105,28.7,1.29,106/2
1722,台肥            ,5.24,105,77.12,0.81,106/2
1723,中碳            ,3.93,105,24.41,4.49,106/2
1724,台硝            ,7.04,105,14.95,0.95,106/2
1725,元禎            ,5.65,105,12.75,0.94,106/2
1726,永記            ,4.96,105,13.65,1.65,106/2
1727,中華化          ,4.72,105,16.28,1,106/2
1730,花仙子          ,5.28,105,13.31,2.19,106/2
1731,美吾華          ,4.1,105,17.18,1.05,106/2
1732,毛寶            ,0,105,-,1.3,106/2
1733,五鼎            ,4.26,105,-,2.2,106/2
1734,杏輝            ,0.46,105,103.1,1.2,106/2
1735,日勝化          ,3.75,105,34.23,0.97,106/2
1736,喬山            ,3.37,105,22.89,1.34,106/2
1737,臺鹽            ,5.19,105,16.71,0.99,106/2
1762,中化生          ,2.22,105,93.75,1.02,106/2
1773,勝一            ,6.05,105,11.95,2.46,106/2
1776,展宇            ,7.69,105,14.86,1.3,106/2
1783,和康生          ,0,105,233,2.06,106/2
1786,科妍            ,0,105,-,2.38,106/2
1789,神隆            ,2.03,105,46,2.56,106/2
1802,台玻            ,0,105,-,1.09,106/2
1805,寶徠            ,0,105,-,1.38,106/2
1806,冠軍            ,0,105,-,0.47,106/2
1808,潤隆            ,10.88,105,12.66,2.69,106/2
1809,中釉            ,2.43,105,"1,235.00",0.65,106/2
1810,和成            ,0,105,9.27,0.6,106/2
1817,凱撒衛          ,5.47,105,11.32,1.97,106/2
1902,台紙            ,0,105,-,1.52,106/2
1903,士紙            ,0,105,-,2.96,106/2
1904,正隆            ,2.75,105,15.04,1.04,106/2
1905,華紙            ,3.06,105,24.89,0.82,106/2
1906,寶隆            ,4.48,105,4.41,0.64,106/2
1907,永豐餘          ,0,105,24.29,0.64,106/2
1909,榮成            ,3.35,105,14.22,2.13,106/2
2002,中鋼            ,3.35,105,22.68,1.32,106/2
2006,東和鋼鐵        ,5.41,105,16.03,1.03,106/2
2007,燁興            ,0,105,-,0.96,106/2
2008,高興昌          ,0,105,-,0.76,106/2
2009,第一銅          ,0,105,"1,115.00",1.15,106/2
2010,春源            ,6.09,105,15.13,0.72,106/2
2012,春雨            ,5.36,105,12.07,1.1,106/2
2013,中鋼構          ,1.29,105,77.5,0.92,106/2
2014,中鴻            ,0,105,7.7,1.61,106/2
2015,豐興            ,5.71,105,14.19,1.89,106/2
2017,官田鋼          ,3.74,105,11.99,0.77,106/2
2020,美亞            ,5.67,105,8.34,1.05,106/2
2022,聚亨            ,0,105,-,0.79,106/2
2023,燁輝            ,8.13,105,9.11,0.77,106/2
2024,志聯            ,6.7,105,7.85,0.77,106/2
2025,千興            ,0,105,19.53,0.71,106/2
2027,大成鋼          ,4.21,105,15.08,1.44,106/2
2028,威致            ,0,105,6.8,1.62,106/2
2029,盛餘            ,6.56,105,9.43,1.36,106/2
2030,彰源            ,1.8,105,8.65,1.33,106/2
2031,新光鋼          ,5.89,105,10.15,1.66,106/2
2032,新鋼            ,3.92,105,113.33,0.83,106/2
2033,佳大            ,3.32,105,17.73,0.77,106/2
2034,允強            ,6.38,105,13.18,1.6,106/2
2038,海光            ,6.2,105,22.39,0.42,106/2
2049,上銀            ,0.68,105,41.05,5.02,106/2
2059,川湖            ,2.06,105,30.66,4.7,106/2
2062,橋椿            ,2.46,105,11,1.25,106/2
2069,運錩            ,6.28,105,12.73,1.35,106/2
2101,南港            ,4.18,105,28.44,2.07,106/2
2102,泰豐            ,0.71,105,-,0.7,106/2
2103,台橡            ,3.13,105,46.3,1.85,106/2
2104,中橡            ,5.48,105,9.63,1.16,106/2
2105,正新            ,4.93,105,22.23,2.49,106/2
2106,建大            ,4.63,105,20.95,1.98,106/2
2107,厚生            ,3.7,105,20.92,0.57,106/2
2108,南帝            ,6.82,105,17.89,1.55,106/2
2109,華豐            ,1.74,105,-,1,106/2
2114,鑫永銓          ,7.15,105,16.97,2.36,106/2
2115,六暉-KY         ,3.41,105,13.26,2.13,106/2
2201,裕隆            ,1.91,105,35.82,0.59,106/2
2204,中華            ,5.72,105,11.18,0.79,106/2
2206,三陽工業        ,5.02,105,341.67,1.29,106/2
2207,和泰車          ,3.38,105,18.51,4.63,106/2
2208,台船            ,0,105,-,0.99,106/2
2227,裕日車          ,8.78,105,13.67,4.25,106/2
2228,劍麟            ,3.96,105,16.71,2.63,106/2
2231,為升            ,2.6,105,32.68,13.32,106/2
2236,百達-KY         ,3.6,105,20.34,1.86,106/2
2239,英利-KY         ,2.83,105,17.23,2.03,106/2
2301,光寶科          ,6.55,105,10.89,1.46,106/2
2302,麗正            ,0,105,-,0.57,106/2
2303,聯電            ,3.37,105,18.33,0.85,106/2
2305,全友            ,0,105,-,0.95,106/2
2308,台達電          ,3.07,105,22.54,3.68,106/2
2311,日月光          ,3.78,105,12.76,1.78,106/2
2312,金寶            ,2.88,105,19.26,0.87,106/2
2313,華通            ,1.85,105,16.96,1.93,106/2
2314,台揚            ,0.33,105,40,3.1,106/2
2316,楠梓電          ,0,105,653.33,0.71,106/2
2317,鴻海            ,3.83,105,13.62,1.92,106/2
2321,東訊            ,0,105,-,3.84,106/2
2323,中環            ,0,105,-,0.37,106/2
2324,仁寶            ,5.58,105,15.36,0.95,106/2
2325,矽品            ,3.66,105,17.18,2.29,106/2
2327,國巨            ,1.55,105,22.66,3.86,106/2
2328,廣宇            ,2.47,105,29.18,1.42,106/2
2329,華泰            ,0,105,-,1.07,106/2
2330,台積電          ,3.22,105,16.08,4.2,106/2
2331,精英            ,0,105,10.11,0.9,106/2
2332,友訊            ,2.79,105,-,0.78,106/2
2337,旺宏            ,0,105,36.64,4.06,106/2
2338,光罩            ,0,105,-,1.29,106/2
2340,光磊            ,7.26,105,11.01,1.18,106/2
2342,茂矽            ,0,105,-,1.68,106/2
2344,華邦電          ,2.58,105,26.48,1.85,106/2
2345,智邦            ,3.94,105,18.69,5.2,106/2
2347,聯強            ,2.97,105,11.2,1.35,106/2
2348,海悅            ,0,105,34.53,2.15,106/2
2349,錸德            ,0,105,-,0.73,106/2
2351,順德            ,4.04,105,15.48,2.29,106/2
2352,佳世達          ,6.04,105,7.64,1.5,106/2
2353,宏碁            ,3.34,105,-,0.82,106/2
2354,鴻準            ,3.97,105,16.14,1.09,106/2
2355,敬鵬            ,5.88,105,10.75,1.41,106/2
2356,英業達          ,6.11,105,15.22,1.65,106/2
2357,華碩            ,6.88,105,11.07,1.06,106/2
2358,廷鑫            ,0,105,-,2.78,106/2
2359,所羅門          ,4.29,105,29.87,0.94,106/2
2360,致茂            ,3,105,24.83,3.91,106/2
2362,藍天            ,2.38,105,31.76,0.46,106/2
2363,矽統            ,0,105,-,0.55,106/2
2364,倫飛            ,0,105,-,0.93,106/2
2365,昆盈            ,0,105,-,0.69,106/2
2367,燿華            ,0,105,-,0.75,106/2
2368,金像電          ,0,105,45.09,0.77,106/2
2369,菱生            ,3.33,105,20.55,0.93,106/2
2371,大同            ,0,105,-,1.06,106/2
2374,佳能            ,3.52,105,16.1,0.89,106/2
2375,智寶            ,0,105,19.93,1.49,106/2
2376,技嘉            ,6.47,105,11.72,1.16,106/2
2377,微星            ,6.52,105,12.06,2.34,106/2
2379,瑞昱            ,4.48,105,19.6,2.78,106/2
2380,虹光            ,0,105,-,0.54,106/2
2382,廣達            ,5.09,105,17.92,2.11,106/2
2383,台光電          ,3.07,105,15.9,4.72,106/2
2385,群光            ,5.71,105,13.89,2.3,106/2
2387,精元            ,2.22,105,8.98,0.63,106/2
2388,威盛            ,0,105,53.68,1.44,106/2
2390,云辰            ,0.48,105,-,1.11,106/2
2392,正崴            ,3.65,105,17.03,0.93,106/2
2393,億光            ,6.64,105,12.42,1.2,106/2
2395,研華            ,3.23,105,24.59,5.88,106/2
2397,友通            ,8.05,105,14.37,2.22,106/2
2399,映泰            ,0,105,336,1.28,106/2
2401,凌陽            ,2.99,105,22.27,1.11,106/2
2402,毅嘉            ,0,105,-,0.99,106/2
2404,漢唐            ,11.24,105,9.18,2.22,106/2
2405,浩鑫            ,1.07,105,-,1.08,106/2
2406,國碩            ,0,105,-,1.16,106/2
2408,南亞科          ,2.34,105,5.65,1.81,106/2
2409,友達            ,4.53,105,3.58,0.61,106/2
2412,中華電          ,4.73,105,21.68,2.34,106/2
2413,環科            ,0,105,-,1.13,106/2
2414,精技            ,7.2,105,12.2,1.19,106/2
2417,圓剛            ,0.9,105,-,0.74,106/2
2419,仲琦            ,7.94,105,12.74,1.62,106/2
2420,新巨            ,8.63,105,10.96,1.98,106/2
2421,建準            ,3.75,105,18.67,3.53,106/2
2423,固緯            ,4.51,105,12.55,1.84,106/2
2424,隴華            ,0,105,-,2.04,106/2
2425,承啟            ,0.84,105,357,1.14,106/2
2426,鼎元            ,7.06,105,16.58,1.12,106/2
2427,三商電          ,2.33,105,26.03,0.75,106/2
2428,興勤            ,3.28,105,11.25,2.6,106/2
2429,銘旺科          ,0,105,-,1.39,106/2
2430,燦坤            ,8.03,105,13.61,0.9,106/2
2431,聯昌            ,4.89,105,22.83,1.09,106/2
2433,互盛電          ,6.53,105,11.42,1.69,106/2
2434,統懋            ,0,105,-,1.05,106/2
2436,偉詮電          ,1.82,105,40.37,1.97,106/2
2438,翔耀            ,0,105,-,1.22,106/2
2439,美律            ,3.72,105,18.56,5.64,106/2
2440,太空梭          ,0,105,28.06,1.27,106/2
2441,超豐            ,5.71,105,11.61,1.93,106/2
2442,新美齊          ,0.38,105,30.27,0.75,106/2
2443,新利虹          ,0,105,-,0.67,106/2
2444,友旺            ,1.56,105,550,2.56,106/2
2448,晶電            ,0,105,109.64,0.66,106/2
2449,京元電子        ,6.21,105,12.72,1.49,106/2
2450,神腦            ,7.47,105,14.33,2.48,106/2
2451,創見            ,6.7,105,13.56,2.02,106/2
2453,凌群            ,3.76,105,19.28,0.79,106/2
2454,聯發科          ,3.54,105,19.29,1.71,106/2
2455,全新            ,4.23,105,32.15,4.38,106/2
2456,奇力新          ,4.64,105,22.51,2.27,106/2
2457,飛宏            ,0,105,35.57,0.78,106/2
2458,義隆            ,3.68,105,21.22,2.67,106/2
2459,敦吉            ,6.44,105,9.96,1.04,106/2
2460,建通            ,0,105,293.75,0.75,106/2
2461,光群雷          ,5.43,105,10.27,0.87,106/2
2462,良得電          ,2.24,105,30.75,1.5,106/2
2464,盟立            ,4.66,105,22.49,2.55,106/2
2465,麗臺            ,0,105,-,1.39,106/2
2466,冠西電          ,0,105,-,3.55,106/2
2467,志聖            ,1.93,105,13.35,1.84,106/2
2468,華經            ,4.46,105,20,0.71,106/2
2471,資通            ,8,105,11.09,1.17,106/2
2472,立隆電          ,5.69,105,15.38,2.03,106/2
2474,可成            ,2.63,105,14.52,2.51,106/2
2475,華映            ,0,105,3.8,1.04,106/2
2476,鉅祥            ,6.8,105,11.31,1.08,106/2
2477,美隆電          ,0,105,16.18,1.88,106/2
2478,大毅            ,2.02,105,24.08,1.03,106/2
2481,強茂            ,4.66,105,12.77,1.2,106/2
2482,連宇            ,2.42,105,-,1.07,106/2
2483,百容            ,7.2,105,13.57,0.89,106/2
2484,希華            ,6,105,14.81,1.14,106/2
2485,兆赫            ,4.95,105,60.21,1.34,106/2
2486,一詮            ,0,105,-,0.69,106/2
2488,漢平            ,9.07,105,9.06,1.74,106/2
2489,瑞軒            ,10.43,105,-,1.1,106/2
2491,吉祥全          ,0,105,14.65,0.97,106/2
2492,華新科          ,1.7,105,17.53,2.54,106/2
2493,揚博            ,8.97,105,10.64,1.36,106/2
2495,普安            ,6.1,105,18.67,1.02,106/2
2496,卓越            ,1.09,105,31.25,5.02,106/2
2497,怡利電          ,1.77,105,-,1.97,106/2
2498,宏達電          ,0,105,-,1.23,106/2
2499,東貝            ,0,105,-,0.75,106/2
2501,國建            ,9.15,105,7.39,0.87,106/2
2504,國產            ,0,105,-,0.64,106/2
2505,國揚            ,0,105,24,1.03,106/2
2506,太設            ,0.98,105,51.25,0.59,106/2
2509,全坤建          ,6.59,105,-,0.9,106/2
2511,太子            ,8.77,105,11.18,0.8,106/2
2514,龍邦            ,2.27,105,6.01,0.83,106/2
2515,中工            ,2.98,105,24.5,0.5,106/2
2516,新建            ,3.96,105,-,0.56,106/2
2520,冠德            ,6.01,105,17.6,0.81,106/2
2524,京城            ,0,105,12.66,0.79,106/2
2527,宏璟            ,4.1,105,"1,950.00",0.71,106/2
2528,皇普            ,0,105,256.25,1.93,106/2
2530,華建            ,5.9,105,-,1.11,106/2
2534,宏盛            ,4.17,105,6.72,1.34,106/2
2535,達欣工          ,9.08,105,6.72,0.76,106/2
2536,宏普            ,10.07,105,-,0.63,106/2
2537,聯上發          ,9.27,105,-,0.61,106/2
2538,基泰            ,9.85,105,-,0.59,106/2
2539,櫻花建          ,9.56,105,7.79,1.8,106/2
2540,愛山林          ,0,105,12.49,0.84,106/2
2542,興富發          ,10.42,105,15.38,1.86,106/2
2543,皇昌            ,3.54,105,40.33,0.81,106/2
2545,皇翔            ,13.85,105,"1,083.33",1.04,106/2
2546,根基            ,8.65,105,7.08,0.83,106/2
2547,日勝生          ,0,105,-,1.45,106/2
2548,華固            ,9.03,105,6.09,1.26,106/2
2597,潤弘            ,10.44,105,7.63,1.53,106/2
2601,益航            ,0,105,-,0.72,106/2
2603,長榮            ,0,105,90.4,1.5,106/2
2605,新興            ,2.97,105,24.53,0.85,106/2
2606,裕民            ,1.96,105,87.16,1.49,106/2
2607,榮運            ,2.42,105,21.25,0.73,106/2
2608,大榮            ,4.1,105,16.46,2.22,106/2
2609,陽明            ,0,105,-,1.68,106/2
2610,華航            ,0,105,-,1.26,106/2
2611,志信            ,0,105,-,0.51,106/2
2612,中航            ,1.62,105,-,0.65,106/2
2613,中櫃            ,1.99,105,68,0.5,106/2
2614,東森            ,0,105,116.71,1.25,106/2
2615,萬海            ,1.94,105,29.86,1.4,106/2
2616,山隆            ,6.4,105,6.67,1.17,106/2
2617,台航            ,0,105,-,0.69,106/2
2618,長榮航          ,3.17,105,31.5,1.2,106/2
2633,台灣高鐵        ,2.28,105,30.58,2.44,106/2
2634,漢翔            ,4.07,105,19.59,2.56,106/2
2636,台驊投控        ,3.07,105,17.6,1.41,106/2
2637,慧洋-KY         ,3.38,105,36.54,0.65,106/2
2642,宅配通          ,1.58,105,24.61,1.66,106/2
2701,萬企            ,5.66,105,15.23,0.8,106/2
2702,華園            ,3.72,105,43.53,1.29,106/2
2704,國賓            ,2.99,105,19.07,0.92,106/2
2705,六福            ,0,105,-,0.63,106/2
2706,第一店          ,6.31,105,14.68,0.88,106/2
2707,晶華            ,5.27,105,19.9,6.5,106/2
2712,遠雄來          ,2.02,105,95,2.13,106/2
2722,夏都            ,2.97,105,33.32,2.15,106/2
2723,美食-KY         ,1.38,105,27.43,6.24,106/2
2727,王品            ,1.91,105,33.24,4.07,106/2
2731,雄獅            ,3.94,105,22.26,3.5,106/2
2739,寒舍            ,5.74,105,15.32,2.29,106/2
2748,雲品            ,3.82,105,20.86,4.02,106/2
2801,彰銀            ,5.58,105,12.31,1.06,106/2
2809,京城銀          ,4.72,105,6.82,1.06,106/2
2812,台中銀          ,7.49,105,8.66,0.75,106/2
2816,旺旺保          ,0,105,7.78,0.84,106/2
2820,華票            ,5.64,105,15.05,0.9,106/2
2823,中壽            ,5.13,105,19.5,1.35,106/2
2832,台產            ,4.64,105,9.37,0.86,106/2
2834,臺企銀          ,4.82,105,8.65,0.67,106/2
2836,高雄銀          ,6.35,105,13.7,0.68,106/2
2838,聯邦銀          ,5.01,105,8.8,0.64,106/1
2841,台開            ,0,105,31.52,0.43,106/2
2845,遠東銀          ,6.54,105,9.94,0.74,106/1
2849,安泰銀          ,4.71,105,13.28,0.7,106/2
2850,新產            ,5.73,105,7.84,0.95,106/2
2851,中再保          ,3.28,105,8.16,0.84,106/2
2852,第一保          ,4.85,105,8.32,0.75,106/2
2855,統一證          ,2.96,105,11.26,0.77,106/2
2856,元富證          ,1.22,105,39.1,0.61,106/2
2867,三商壽          ,5.4,105,10.06,0.74,106/2
2880,華南金          ,7.14,105,14.24,1.11,106/2
2881,富邦金          ,4.15,105,10.56,1.2,106/1
2882,國泰金          ,4.04,105,13.22,1.23,106/1
2883,開發金          ,5.36,105,20.73,0.83,106/1
2884,玉山金          ,6.58,105,13.17,1.24,106/2
2885,元大金          ,3.45,105,11.76,0.76,106/1
2886,兆豐金          ,5.89,105,11.87,1.14,106/2
2887,台新金          ,7.09,105,12.76,0.92,106/1
2888,新光金          ,2.3,105,11.92,0.66,106/2
2889,國票金          ,7.81,105,12.28,0.77,106/2
2890,永豐金          ,7.18,105,12.99,0.76,106/1
2891,中信金          ,5.12,105,12.07,1.31,106/1
2892,第一金          ,7.18,105,12.83,1.25,106/2
2897,王道銀行        ,5.05,105,14.61,0.73,106/2
2901,欣欣            ,1.49,105,56.56,2.2,106/2
2903,遠百            ,4.68,105,19.42,0.75,106/2
2904,匯僑            ,6.68,105,16.42,1.59,106/2
2905,三商            ,6.26,105,8.43,0.94,106/2
2906,高林            ,3.54,105,23.54,0.81,106/2
2908,特力            ,4.91,105,16.18,1.54,106/2
2910,統領            ,1.82,105,68.75,2.18,106/2
2911,麗嬰房          ,0,105,-,0.83,106/2
2912,統一超          ,3.16,105,25.45,10.23,106/2
2913,農林            ,3.1,105,17.55,0.76,106/2
2915,潤泰全          ,1.63,105,6.91,1.8,106/2
2923,鼎固-KY         ,1.89,105,30.65,0.67,106/2
2929,淘帝-KY         ,3.92,105,11.31,1.97,106/2
2936,客思達-KY       ,10.93,105,8.99,0.96,106/2
3002,歐格            ,3.83,105,16.31,1.07,106/2
3003,健和興          ,2.5,105,20.58,2.21,106/2
3004,豐達科          ,3.21,105,13.46,1.74,106/2
3005,神基            ,7.01,105,10.78,1.94,106/2
3006,晶豪科          ,3.19,105,16.65,1.74,106/2
3008,大立光          ,1.09,105,31.2,10.21,106/2
3010,華立            ,5.21,105,10.75,1.18,106/2
3011,今皓            ,0,105,95.25,0.69,106/2
3013,晟銘電          ,2.71,105,13.09,1.44,106/2
3014,聯陽            ,8.96,105,13.68,1.46,106/2
3015,全漢            ,6.83,105,19.42,0.52,106/2
3016,嘉晶            ,0,105,113.42,1.91,106/2
3017,奇鋐            ,4.4,105,10.73,1.2,106/2
3018,同開            ,0.33,105,130.64,4.88,106/2
3019,亞光            ,0.87,105,76.49,3.04,106/2
3021,鴻名            ,4.79,105,12.59,1.26,106/2
3022,威強電          ,6.52,105,11.11,2.04,106/2
3023,信邦            ,4.95,105,14.48,3.13,106/2
3024,憶聲            ,0,105,2.29,0.73,106/2
3025,星通            ,1.17,105,115,2.16,106/2
3026,禾伸堂          ,6.54,105,17.55,1.09,106/2
3027,盛達            ,1.31,105,-,0.8,106/2
3028,增你強          ,8.38,105,13.66,0.85,106/2
3029,零壹            ,6.38,105,10.87,1.18,106/2
3030,德律            ,7.61,105,25.1,2.01,106/2
3031,佰鴻            ,4.6,105,18.32,1.24,106/2
3032,偉訓            ,5.24,105,12.91,2.3,106/2
3033,威健            ,6.39,105,14.19,1.07,106/2
3034,聯詠            ,6.22,105,14.76,2.65,106/2
3035,智原            ,2.2,105,14.85,2.09,106/2
3036,文曄            ,4.86,105,12.32,1.48,106/2
3037,欣興            ,1.73,105,75.43,0.63,106/2
3038,全台            ,4.38,105,17.33,0.86,106/2
3040,遠見            ,13.12,105,3.18,1.28,106/2
3041,揚智            ,0,105,-,1.45,106/2
3042,晶技            ,6.97,105,11.65,1.43,106/2
3043,科風            ,0,105,-,80,106/2
3044,健鼎            ,3.74,105,14.37,2.13,106/2
3045,台灣大          ,5.21,105,19.23,5.45,106/2
3046,建碁            ,0,105,-,1.14,106/2
3047,訊舟            ,4.69,105,-,0.95,106/2
3048,益登            ,3.08,105,12.4,1.17,106/2
3049,和鑫            ,0,105,12.08,1.05,106/2
3050,鈺德            ,2.97,105,12.47,0.66,106/2
3051,力特            ,0,105,-,0.78,106/2
3052,夆典            ,3.52,105,40.62,0.61,106/2
3054,立萬利          ,0.58,105,35.28,1.4,106/2
3055,蔚華科          ,4.11,105,26.96,0.78,106/2
3056,總太            ,13.62,105,6.98,0.87,106/2
3057,喬鼎            ,0,105,-,1.31,106/2
3058,立德            ,5.09,105,28.91,0.68,106/2
3059,華晶科          ,2.33,105,79.88,1.07,106/2
3060,銘異            ,5.13,105,28.96,1.2,106/2
3062,建漢            ,4.3,105,30.49,1.12,106/2
3090,日電貿          ,7.07,105,10.72,1.61,106/2
3094,聯傑            ,4.64,105,32.03,1.71,106/2
3130,一零四          ,7.07,105,17.45,3.72,106/2
3149,正達            ,0,105,-,3.58,106/2
3164,景岳            ,0,105,-,1.38,106/2
3167,大量            ,3.39,105,17.04,2.35,106/2
3189,景碩            ,3.67,105,27.73,1.32,106/2
3209,全科            ,6.88,105,16.61,1.57,106/2
3229,晟鈦            ,0,105,-,2.39,106/2
3231,緯創            ,5.48,105,20.77,1.1,106/2
3257,虹冠電          ,1.98,105,50,2.7,106/2
3266,昇陽            ,0,105,68.44,0.77,106/2
3296,勝德            ,6.27,105,19.54,1.25,106/2
3305,昇貿            ,8.91,105,19.63,0.86,106/2
3308,聯德            ,0,105,-,0.74,106/2
3311,閎暉            ,0,105,-,0.98,106/2
3312,弘憶股          ,0,105,-,0.72,106/2
3315,宣昶            ,0,105,32.68,1.18,106/2
3321,同泰            ,0,105,-,1.44,106/2
3338,泰碩            ,8.33,105,12.05,1.93,106/2
3346,麗清            ,3.87,105,22.11,4.27,106/2
3356,奇偶            ,3.85,105,-,1.93,106/2
3376,新日興          ,3.44,105,14.91,1.36,106/2
3380,明泰            ,4.77,105,17.58,1.14,106/2
3383,新世紀          ,0,105,-,0.59,106/2
3406,玉晶光          ,0,105,80.59,7.47,106/2
3413,京鼎            ,1.88,105,19.05,5.9,106/2
3416,融程電          ,5.22,105,24.78,2.31,106/2
3419,譁裕            ,2.12,105,16.14,1.48,106/2
3432,台端            ,0.8,105,-,0.62,106/2
3437,榮創            ,1.01,105,112.26,1.55,106/2
3443,創意            ,1.55,105,49.89,8.62,106/2
3450,聯鈞            ,8.21,105,13,3.35,106/2
3454,晶睿            ,4.96,105,17.37,3.01,106/2
3481,群創            ,0.68,105,3.86,0.59,106/2
3494,誠研            ,0,105,-,0.87,106/2
3501,維熹            ,7.59,105,9.89,1.18,106/2
3504,揚明光          ,0,105,-,2.34,106/2
3514,昱晶            ,0,105,-,0.73,106/2
3515,華擎            ,2.09,105,45.26,2.04,106/2
3518,柏騰            ,1.85,105,-,1.03,106/2
3519,綠能            ,0,105,-,1.28,106/2
3528,安馳            ,7.18,105,13.49,1.65,106/2
3532,台勝科          ,0.76,105,57.97,3.39,106/2
3533,嘉澤            ,2.07,105,19.03,2.35,106/2
3535,晶彩科          ,0,105,-,1.18,106/2
3536,誠創            ,0,105,36.02,3.93,106/2
3545,敦泰            ,1.66,105,42.8,1.07,106/2
3550,聯穎            ,9.29,105,13.8,0.73,106/2
3557,嘉威            ,0,105,-,1.17,106/2
3561,昇陽光電        ,0,105,-,0.72,106/2
3576,新日光          ,0,105,-,0.99,106/2
3579,尚志            ,0,105,-,0.77,106/2
3583,辛耘            ,3.25,105,22.7,2.49,106/2
3588,通嘉            ,5.54,105,20.07,1.08,106/2
3591,艾笛森          ,0,105,-,0.56,106/2
3593,力銘            ,0,105,-,1.84,106/2
3596,智易            ,7.46,105,11.57,1.21,106/2
3605,宏致            ,2.12,105,19.09,0.89,106/2
3607,谷崧            ,5.44,105,-,0.65,106/2
3617,碩天            ,4.7,105,12.36,2.07,106/2
3622,洋華            ,0,105,-,0.7,106/2
3645,達邁            ,2.76,105,16.11,2.56,106/2
3653,健策            ,3.04,105,31.89,1.67,106/2
3661,世芯-KY         ,0,105,32.11,1.91,106/2
3665,貿聯-KY         ,2.63,105,26.49,4.13,106/2
3669,圓展            ,4.49,105,18.15,0.76,106/2
3673,TPK-KY          ,0,105,22.41,1.49,106/2
3679,新至陞          ,10.88,105,10.19,1.39,106/2
3682,亞太電          ,0,105,-,1.31,106/2
3686,達能            ,0,105,-,0.66,106/2
3694,海華            ,0,105,36.12,1.51,106/2
3698,隆達            ,0,105,-,0.75,106/2
3701,大眾控          ,0,105,11.45,1.27,106/2
3702,大聯大          ,5.8,105,11.78,1.42,106/2
3703,欣陸            ,4.08,105,6.41,0.45,106/2
3704,合勤控          ,1.49,105,-,0.72,106/2
3705,永信            ,3.79,105,20.95,1.86,106/2
3706,神達            ,7.03,105,9.12,0.86,106/2
3708,上緯投控        ,1.17,105,148.45,2.02,106/2
4104,佳醫            ,5.59,105,14.24,0.91,106/2
4106,雃博            ,2.65,105,21.42,1.62,106/2
4108,懷特            ,0,105,-,2.33,106/2
4119,旭富            ,6.82,105,22.32,1.73,106/2
4133,亞諾法          ,1.87,105,40.32,1.86,106/2
4137,麗豐-KY         ,6.37,105,15.89,2.58,106/2
4141,龍燈-KY         ,4.36,105,-,0.72,106/2
4142,國光生          ,0,105,-,1.75,106/2
4144,康聯-KY         ,2.61,105,11.55,1.39,106/2
4148,全宇生技-KY     ,2.6,105,18.1,2.93,106/2
4164,承業醫          ,2.62,105,22.98,1.1,106/2
4190,佐登-KY         ,6.34,105,13.77,2.51,106/2
4306,炎洲            ,2.28,105,-,0.83,106/2
4414,如興            ,0,105,-,1.23,106/2
4426,利勤            ,4.25,105,16.42,2.96,106/2
4438,廣越            ,3.56,105,30.69,3.12,106/2
4526,東台            ,2.43,105,-,1.02,106/2
4532,瑞智            ,7.45,105,13.6,2.07,106/2
4536,拓凱            ,6.09,105,13.15,2.11,106/2
4545,銘鈺            ,6.99,105,82.56,1.45,106/2
4551,智伸科          ,2.78,105,25.34,5.34,106/2
4552,力達-KY         ,7.62,105,10.99,2.41,106/2
4555,氣立            ,3.31,105,35.38,1.61,106/2
4557,永新-KY         ,6.55,105,10.54,2.24,106/2
4560,強信-KY         ,3.61,105,17.24,2.15,106/2
4562,穎漢            ,3.46,105,14.05,3.03,106/2
4720,德淵            ,4.27,105,23.03,1.17,106/2
4722,國精化          ,8.14,105,10.51,1.35,106/2
4725,信昌化          ,0,105,-,1.59,106/2
4737,華廣            ,7.06,105,18.84,1.68,106/2
4746,台耀            ,4.03,105,15.89,1.63,106/2
4755,三福化          ,4.3,105,10.96,1.23,106/2
4763,材料-KY         ,2.95,105,32.29,6.83,106/2
4807,日成-KY         ,5.87,105,16.86,2.14,106/2
4904,遠傳            ,5.14,105,21.35,3.68,106/2
4906,正文            ,6.53,105,11.89,0.86,106/2
4912,聯德控股-KY     ,1.72,105,52.02,7.18,106/2
4915,致伸            ,3.53,105,16.04,2.96,106/2
4916,事欣科          ,5.94,105,18.09,2.07,106/2
4919,新唐            ,4.36,105,18.58,3.47,106/2
4927,泰鼎-KY         ,4.77,105,25.05,0.72,106/2
4930,燦星網          ,2.28,105,-,0.43,106/2
4934,太極            ,0,105,-,0.89,106/2
4935,茂林-KY         ,6.92,105,10.86,0.96,106/2
4938,和碩            ,5.2,105,13.15,1.76,106/2
4942,嘉彰            ,6.4,105,12.81,0.52,106/2
4943,康控-KY         ,0.71,105,169.76,8.19,106/2
4952,凌通            ,9,105,12.01,2.16,106/2
4956,光鋐            ,0,105,30.44,1.02,106/2
4958,臻鼎-KY         ,3.17,105,16.54,1.81,106/2
4960,奇美材          ,0,105,-,0.77,106/2
4968,立積            ,1.49,105,58.9,6.95,106/2
4976,佳凌            ,0,105,-,3.56,106/2
4977,眾達-KY         ,4.29,105,19.26,4.8,106/2
4984,科納-KY         ,13.47,105,10.09,0.95,106/2
4994,傳奇            ,0,105,-,4.46,106/2
4999,鑫禾            ,5.94,105,8.67,1.35,106/2
5007,三星            ,4.1,105,16.85,3.26,106/2
5203,訊連            ,2.76,105,19.68,1.34,106/2
5215,科嘉-KY         ,10.17,105,25.88,0.96,106/2
5225,東科-KY         ,4.27,105,15.98,1.2,106/2
5234,達興材料        ,6.4,105,10.66,2.15,106/2
5243,乙盛-KY         ,3.15,105,20.28,1.45,106/2
5258,虹堡            ,6.96,105,28.75,1.49,106/2
5259,清惠            ,0,105,-,6.56,106/2
5264,鎧勝-KY         ,4,105,15.71,1.25,106/2
5269,祥碩            ,1.6,105,53.41,12.73,106/2
5284,jpp-KY          ,3.9,105,13.33,1.88,106/2
5285,界霖            ,2.83,105,22.51,2.64,106/2
5288,豐祥-KY         ,4.41,105,13.08,2.53,106/2
5305,敦南            ,3.33,105,21.69,1.54,106/2
5388,中磊            ,5.28,105,14,3.04,106/2
5434,崇越            ,6.33,105,12.01,2.18,106/2
5469,瀚宇博          ,3.87,105,7.42,0.55,106/2
5471,松翰            ,5.64,105,20.85,1.91,106/2
5484,慧友            ,0,105,-,0.64,106/2
5515,建國            ,5.63,105,40.36,0.63,106/2
5519,隆大            ,4.57,105,9.95,0.65,106/2
5521,工信            ,1.83,105,41.92,0.9,106/2
5522,遠雄            ,10.37,105,26.75,0.75,106/2
5525,順天            ,2.2,105,48.75,0.86,106/2
5531,鄉林            ,4.78,105,23.75,0.86,106/2
5533,皇鼎            ,4.21,105,29.15,0.62,106/2
5534,長虹            ,8.86,105,6.27,1.66,106/2
5538,東明-KY         ,6.26,105,10.21,1.62,106/2
5607,遠雄港          ,0,105,12.5,0.69,106/2
5608,四維航          ,0,105,-,0.61,106/2
5706,鳳凰            ,5.76,105,12.39,2.17,106/2
5871,中租-KY         ,4.13,105,11.62,2.41,106/2
5880,合庫金          ,6.62,105,13.43,0.95,106/1
5906,台南-KY         ,0,105,-,1.54,106/2
5907,大洋-KY         ,4.16,105,13.74,0.48,106/2
6005,群益證          ,3.76,105,12.6,0.72,106/2
6108,競國            ,6.34,105,9.65,1.44,106/2
6112,聚碩            ,6.86,105,11.34,1.46,106/2
6115,鎰勝            ,9.13,105,13.35,1.73,106/2
6116,彩晶            ,4.15,105,4.56,1.02,106/2
6117,迎廣            ,0,105,-,1.18,106/2
6120,達運            ,1.23,105,33.96,1.3,106/2
6128,上福            ,7,105,11.94,2.16,106/2
6131,悠克            ,0,105,-,1.83,106/2
6133,金橋            ,1.79,105,123.89,0.87,106/2
6136,富爾特          ,8.44,105,11.39,0.94,106/2
6139,亞翔            ,4.02,105,12.03,1.08,106/2
6141,柏承            ,1.53,105,30.55,1.51,106/2
6142,友勁            ,6.83,105,-,0.73,106/2
6145,勁永            ,0,105,-,0.91,106/2
6152,百一            ,0,105,27.64,0.7,106/2
6153,嘉聯益          ,2.67,105,89.05,0.82,106/2
6155,鈞寶            ,4.17,105,38.49,1.33,106/2
6164,華興            ,6.83,105,24.41,1.01,106/2
6165,捷泰            ,0,105,-,4.5,106/2
6166,凌華            ,2.75,105,33.42,3.26,106/2
6168,宏齊            ,0,105,24.64,1.1,106/2
6172,互億            ,0,105,64.21,1.25,106/2
6176,瑞儀            ,5.82,105,9.85,1.67,106/2
6177,達麗            ,6.29,105,8.37,1.8,106/2
6183,關貿            ,4.3,105,18.09,2.15,106/2
6184,大豐電          ,1.37,105,70,1.35,106/2
6189,豐藝            ,8.21,105,14.36,1.53,106/2
6191,精成科          ,3,105,15.17,0.64,106/2
6196,帆宣            ,5.33,105,11.74,1.44,106/2
6197,佳必琪          ,4.14,105,11.6,1.4,106/2
6201,亞弘電          ,10.14,105,11.89,1.19,106/2
6202,盛群            ,6.38,105,15,3.5,106/2
6205,詮欣            ,5.56,105,11.23,1.63,106/2
6206,飛捷            ,5.52,105,16.88,3.19,106/2
6209,今國光          ,1.17,105,-,1.95,106/2
6213,聯茂            ,4.27,105,16.99,2.71,106/2
6214,精誠            ,8.62,105,10.05,1.22,106/2
6215,和椿            ,2.66,105,27.65,1.38,106/2
6216,居易            ,8.86,105,11.69,1.84,106/2
6224,聚鼎            ,8.26,105,12.61,2.39,106/2
6225,天瀚            ,0,105,-,72.5,106/2
6226,光鼎            ,1.24,105,12.38,0.9,106/2
6230,超眾            ,7.18,105,13.9,2.76,106/2
6235,華孚            ,12.28,105,2.15,1.28,106/2
6239,力成            ,4.31,105,13.54,2.07,106/2
6243,迅杰            ,0,105,-,2.1,106/2
6251,定穎            ,0,105,79.12,0.9,106/2
6257,矽格            ,6.37,105,11.41,1.19,106/2
6269,台郡            ,3.28,105,16.77,2.56,106/2
6271,同欣電          ,4.8,105,24.65,2.09,106/2
6277,宏正            ,7.6,105,12.49,2.83,106/2
6278,台表科          ,3.99,105,12.28,0.68,106/2
6281,全國電          ,6.94,105,14.49,2.77,106/2
6282,康舒            ,6,105,33.36,1.6,106/2
6283,淳安            ,1.97,105,65.13,4.81,106/2
6285,啟碁            ,4.32,105,14.09,2.49,106/2
6289,華上            ,0,105,-,2.68,106/2
6405,悅城            ,0.78,105,95.37,0.91,106/2
6409,旭隼            ,3.89,105,29.41,11.92,106/2
6412,群電            ,4.63,105,14.65,3.26,106/2
6414,樺漢            ,2.29,105,33.43,6.08,106/2
6415,矽力-KY         ,0.72,105,33.42,6.45,106/2
6422,君耀-KY         ,6.47,105,10.75,1.82,106/2
6431,光麗-KY         ,0,105,-,1.04,106/2
6442,光聖            ,7.4,105,18.66,1.43,106/2
6443,元晶            ,0,105,-,0.95,106/2
6449,鈺邦            ,4.38,105,15.43,2.34,106/2
6451,訊芯-KY         ,4.72,105,22.58,2.29,106/2
6452,康友-KY         ,2.19,105,30.92,5.57,106/2
6456,GIS-KY          ,1.09,105,24.88,6.29,106/2
6464,台數科          ,1.83,105,22.9,2.18,106/2
6477,安集            ,1.11,105,-,1.13,106/2
6504,南六            ,3.25,105,18.62,4.23,106/2
6505,台塑化          ,5.66,105,13.62,3.5,106/2
6525,捷敏-KY         ,5.87,105,12.44,2.6,106/2
6531,愛普            ,2.48,105,16.57,2.24,106/2
6533,晶心科          ,0,105,343.75,4.92,106/2
6552,易華電          ,1.99,105,80.21,2.24,106/2
6579,研揚            ,3.78,105,19.52,3.84,106/2
6582,申豐            ,6.03,105,13.57,2.12,106/2
6605,帝寶            ,3.74,105,14.55,1.16,106/2
8011,台通            ,2.24,105,23.86,1.06,106/2
8016,矽創            ,6.56,105,11.52,2.51,106/2
8021,尖點            ,4.18,105,13.34,0.81,106/2
8033,雷虎            ,0,105,-,1.75,106/2
8039,台虹            ,3.84,105,17.31,1.65,106/2
8046,南電            ,3.29,105,-,0.5,106/2
8070,長華            ,7.14,105,11.08,1.69,106/2
8081,致新            ,7.46,105,14.47,1.55,106/2
8101,華冠            ,0,105,-,0.77,106/2
8103,瀚荃            ,5.77,105,10.23,1.1,106/2
8105,凌巨            ,0.85,105,17.26,1.28,106/2
8110,華東            ,1.74,105,11.8,0.81,106/2
8112,至上            ,7.94,105,8.54,1.78,106/2
8114,振樺電          ,5.16,105,18.79,5.1,106/2
8131,福懋科          ,7.07,105,11.5,1.25,106/2
8150,南茂            ,3.64,105,6.58,1.31,106/2
8163,達方            ,7.42,105,13.08,0.99,106/2
8201,無敵            ,0,105,-,0.96,106/2
8210,勤誠            ,5.95,105,11,2.26,106/2
8213,志超            ,4.62,105,9.64,0.89,106/2
8215,明基材          ,0,105,-,1.51,106/2
8222,寶一            ,3.82,105,38.09,1.65,106/2
8249,菱光            ,6.46,105,11.25,0.96,106/2
8261,富鼎            ,2.75,105,-,1.67,106/2
8271,宇瞻            ,6.1,105,10.44,1.69,106/2
8341,日友            ,2.35,105,29.06,9.18,106/2
8374,羅昇            ,0.32,105,20.67,1.95,106/2
8404,百和興業-KY     ,1.87,105,29.72,2.98,106/2
8411,福貞-KY         ,5.14,105,11.1,0.78,106/2
8422,可寧衛          ,6.76,105,13.54,3.91,106/2
8427,基勝-KY         ,7.95,105,35.17,1.24,106/2
8429,金麗-KY         ,2.95,105,7.93,0.88,106/2
8442,威宏-KY         ,4.2,105,23.29,2.19,106/2
8443,阿瘦            ,2.18,105,-,0.6,106/2
8454,富邦媒          ,3.78,105,24.56,5.62,106/2
8463,潤泰材          ,6.11,105,17.31,1.19,106/2
8464,億豐            ,3.06,105,25.13,9.53,106/2
8466,美吉吉-KY       ,7.16,105,12.62,2.8,106/2
8467,波力-KY         ,4.62,105,24.13,1.22,106/2
8473,山林水          ,5.32,105,16.98,1.49,106/2
8480,泰昇-KY         ,4.8,105,16.38,3.3,106/2
8481,政伸            ,5.38,105,14.4,2.42,106/2
8488,吉源-KY         ,5.63,105,8.85,0.87,106/2
8926,台汽電          ,5.18,105,14.12,1.2,106/2
8940,新天地          ,0,105,-,1.17,106/2
8996,高力            ,8.13,105,21.21,1.88,106/2
9802,鈺齊-KY         ,4.01,105,13.58,1.98,106/2
9902,台火            ,0,105,-,0.83,106/2
9904,寶成            ,3.81,105,9.54,1.52,106/2
9905,大華            ,5.93,105,12.59,1.15,106/2
9906,欣巴巴          ,3.63,105,22.66,1.49,106/2
9907,統一實          ,2.68,105,30.21,1.27,106/2
9908,大台北          ,4,105,16.23,1.22,106/2
9910,豐泰            ,3.69,105,23.19,8.21,106/2
9911,櫻花            ,6.08,105,14.22,2.46,106/2
9912,偉聯            ,0,105,255,0.73,106/2
9914,美利達          ,3.04,105,26.67,3.46,106/2
9917,中保            ,3.94,105,40.55,4.24,106/2
9918,欣天然          ,3.62,105,24.61,2.02,106/2
9919,康那香          ,1.75,105,-,0.93,106/2
9921,巨大            ,3.27,105,22.37,3,106/2
9924,福興            ,7.32,105,11.12,1.52,106/2
9925,新保            ,5.23,105,15.74,1.58,106/2
9926,新海            ,3.96,105,23.38,2.71,106/2
9927,泰銘            ,6.68,105,8.4,1.67,106/2
9928,中視            ,0,105,-,1.06,106/2
9929,秋雨            ,0,105,-,1.64,106/2
9930,中聯資源        ,5.39,105,19.29,3.01,106/2
9931,欣高            ,3.89,105,21.57,1.88,106/2
9933,中鼎            ,5.33,105,13.05,2.24,106/2
9934,成霖            ,4.58,105,-,1.37,106/2
9935,慶豐富          ,0,105,41.18,3.9,106/2
9937,全國            ,5.15,105,18.24,2.78,106/2
9938,百和            ,2.48,105,23.54,4.81,106/2
9939,宏全            ,4.6,105,13.05,1.38,106/2
9940,信義            ,4.16,105,9.91,2.06,106/2
9941,裕融            ,4.2,105,15.62,3.35,106/2
9942,茂順            ,4.87,105,14.08,2.59,106/2
9943,好樂迪          ,7.97,105,12.04,2.12,106/2
9944,新麗            ,1.55,105,52.43,0.72,106/2
9945,潤泰新          ,5.91,105,7.11,1.25,106/2
9946,三發地產        ,4.65,105,12.5,0.6,106/2
9955,佳龍            ,0,105,-,0.74,106/2
9958,世紀鋼          ,3.01,105,83,0.81,106/2
